
64 15.9249 0.0196988 15.9446
48 18.3274 0.0138309 18.3412
64 16.3938 0.0200464 16.4139
48 19.4998 0.0136365 19.5135
8 87.6722 0.00168112 87.6739
64 16.3167 0.0195554 16.3363
48 20.7778 0.0141734 20.792
64 16.8195 0.0187804 16.8383
4 147.309 0.00117756 147.31
48 20.746 0.0135352 20.7595
48 22.6529 0.0139602 22.6669
16 50.0484 0.00443267 50.0528
48 19.614 0.0136077 19.6276
48 21.8793 0.0153992 21.8947
16 50.3801 0.00451129 50.3846
48 22.4918 0.0148471 22.5066
2 280.959 0.00101454 280.96
64 16.9772 0.0190939 16.9963
64 16.2724 0.0209015 16.2933
64 16.1584 0.0193965 16.1777
8 83.4882 0.00385575 83.492
64 16.4847 0.0191535 16.5038
64 15.6181 0.0191929 15.6373
48 19.3725 0.0130803 19.3856
64 15.776 0.0221501 15.7982
48 20.5993 0.0140539 20.6133
4 161.176 0.00234819 161.178
32 27.1197 0.00753222 27.1272
32 28.5767 0.00765614 28.5843
32 27.1445 0.00758499 27.152
16 41.175 0.00212088 41.1771
2 267.79 0.00244939 267.792
8 66.784 0.00152319 66.7856
1 578.703 0.00105214 578.704
4 125.565 0.00114184 125.566
32 25.981 0.00760899 25.9886
16 43.8799 0.0023277 43.8822
2 251.532 0.000898816 251.533
8 64.1827 0.00152871 64.1842
4 124.662 0.00115538 124.663
1 556.728 0.00112261 556.729
2 254.935 0.00091479 254.936
32 22.7492 0.00786464 22.7571
16 41.5023 0.00230597 41.5046
1 552.938 0.00119457 552.94
8 66.6529 0.00151912 66.6544
4 122.855 0.00113982 122.856
1 542.145 0.00108575 542.146
1 544.286 0.0011772 544.287
2 251.901 0.00104688 251.902
32 26.6798 0.00763806 26.6875
16 42.8509 0.00234919 42.8533
1 559.896 0.00116623 559.897
8 64.0122 0.00144983 64.0136
4 123.998 0.00114699 123.999
1 544.952 0.00106118 544.953
1 542.788 0.00118384 542.789
32 26.1302 0.00797507 26.1382
16 36.2187 0.00231281 36.221
2 254.272 0.000933919 254.273
8 72.5392 0.00160471 72.5408
4 123.53 0.00113679 123.531
32 26.4935 0.00770988 26.5012
1 553.489 0.00119147 553.49
16 34.5832 0.00219844 34.5854
8 71.3787 0.00157177 71.3803
4 123.565 0.0011373 123.567
2 252.894 0.00101573 252.895
32 26.5792 0.00789547 26.587
16 43.0072 0.00424769 43.0114
8 66.3025 0.00153597 66.304
1 557.037 0.00105626 557.038
4 126.058 0.0011505 126.06
32 26.3161 0.00776201 26.3239
2 259.692 0.000971566 259.693
16 58.064 0.00492335 58.0689
8 81.532 0.00277169 81.5348
4 123.34 0.00112926 123.341
2 251.658 0.000977088 251.659
2 252.857 0.000905298 252.858
64 16.2252 0.0195723 16.2448
48 19.6577 0.0138412 19.6716
64 15.7436 0.0201422 15.7637
48 19.7559 0.0139566 19.7698
8 87.2038 0.00156493 87.2054
64 15.6872 0.0223482 15.7095
48 15.7539 0.0133589 15.7673
64 15.2205 0.0203594 15.2409
4 145.128 0.00134275 145.129
48 21.1539 0.0153661 21.1693
48 19.1313 0.0139767 19.1453
16 39.2527 0.00221391 39.2549
48 19.8709 0.0135017 19.8844
48 19.5013 0.0136841 19.515
16 39.2413 0.00206099 39.2434
48 21.1639 0.015459 21.1793
64 15.5714 0.0195509 15.5909
2 284.452 0.00101033 284.453
64 16.8708 0.0198822 16.8907
64 14.9035 0.0198016 14.9233
8 92.3314 0.00307841 92.3345
64 15.2855 0.0185409 15.3041
64 15.6207 0.019498 15.6402
48 17.96 0.0137369 17.9737
64 14.6756 0.0198337 14.6955
48 21.3485 0.0130551 21.3616
4 141.178 0.00117447 141.179
32 25.4151 0.00786897 25.423
32 21.6759 0.00769634 21.6836
32 30.0238 0.00771296 30.0315
16 34.2524 0.0021105 34.2546
8 63.7867 0.0014044 63.7881
2 267.871 0.000918495 267.872
1 583.792 0.00112078 583.793
4 124.983 0.00114846 124.984
32 22.0298 0.00785149 22.0377
16 34.7494 0.00214537 34.7515
8 65.0673 0.00151844 65.0689
2 261.451 0.00090698 261.451
4 122.992 0.00122275 122.994
1 551.818 0.00113215 551.819
2 247.995 0.000916198 247.996
32 25.9351 0.00780358 25.9429
16 34.3529 0.00228579 34.3552
1 551.574 0.00114318 551.575
8 64.2725 0.00151306 64.274
4 121.659 0.00111181 121.66
1 557.365 0.0011029 557.366
1 548.527 0.00115554 548.528
2 249.919 0.0010351 249.92
32 21.3071 0.00764136 21.3147
16 35.9937 0.00220105 35.9959
8 64.7922 0.00153259 64.7938
1 550.934 0.00114917 550.935
4 121.718 0.00110062 121.719
1 564.03 0.00103999 564.031
1 556.264 0.00118736 556.265
2 254.581 0.000993928 254.582
32 23.4253 0.00791061 23.4332
16 36.5052 0.00426313 36.5095
8 67.0584 0.00153942 67.0599
4 121.783 0.00111507 121.784
32 26.541 0.00769381 26.5487
1 553.13 0.00110305 553.131
16 34.006 0.00207797 34.0081
8 69.7512 0.00158717 69.7527
2 258.981 0.00115868 258.982
4 130.221 0.00115464 130.222
32 26.0634 0.00769591 26.0711
16 47.1773 0.0024484 47.1798
8 69.9649 0.00279508 69.9677
1 553.796 0.00101239 553.797
4 125.76 0.00116956 125.761
2 260.202 0.00102812 260.203
32 26.3818 0.00763952 26.3894
16 39.639 0.00432576 39.6434
8 71.6934 0.001609 71.695
4 132.524 0.00115099 132.525
2 254.051 0.000910705 254.052
2 268.881 0.00101268 268.882
