
64 7.15983 0.0197304 7.17956
48 7.18349 0.0102714 7.19376
64 6.81358 0.0222007 6.83578
8 34.7945 0.00129861 34.7958
48 8.14446 0.010446 8.1549
48 8.60738 0.0102795 8.61766
4 60.3196 0.000985039 60.3206
16 24.1634 0.00406157 24.1674
48 9.03002 0.0103391 9.04036
48 8.95288 0.010406 8.96329
48 8.51591 0.0103812 8.52629
16 21.9395 0.00492278 21.9444
48 8.88575 0.0104397 8.89619
64 6.95439 0.0179314 6.97233
64 7.14437 0.0182681 7.16264
2 116.031 0.00092132 116.032
8 37.9069 0.00268058 37.9095
64 7.12469 0.0182567 7.14295
64 6.84162 0.0182676 6.85988
64 6.83435 0.0186971 6.85305
64 6.81337 0.0180506 6.83142
48 8.28727 0.0103478 8.29762
64 6.72077 0.0186775 6.73944
4 63.6667 0.00214752 63.6689
48 7.38809 0.0102273 7.39832
64 6.85786 0.0188404 6.8767
48 8.04677 0.010319 8.05709
32 11.376 0.00713252 11.3831
2 108.806 0.000657976 108.807
32 11.6489 0.00700523 11.6559
32 13.729 0.0074267 13.7364
16 15.5429 0.00392936 15.5468
8 28.8511 0.00130074 28.8524
1 228.015 0.000727028 228.015
4 54.5647 0.000980313 54.5656
32 9.6088 0.00692829 9.61573
16 14.5778 0.00189512 14.5797
8 28.0269 0.00127266 28.0282
2 102.712 0.000679217 102.712
1 218.66 0.000732779 218.661
4 53.0063 0.000954924 53.0073
32 9.73042 0.00698225 9.73741
16 14.5994 0.00172262 14.6011
8 27.5473 0.00129971 27.5486
2 103.392 0.00068381 103.393
1 214.554 0.00075154 214.555
4 52.6847 0.000952899 52.6856
32 9.46016 0.00711988 9.46728
16 14.8506 0.00178731 14.8524
8 27.5897 0.00128075 27.591
2 104.423 0.000691146 104.423
1 217.922 0.000644822 217.923
4 53.2265 0.000950785 53.2274
32 9.83392 0.00703482 9.84095
16 16.901 0.00174681 16.9028
2 102.827 0.000686802 102.828
8 26.4547 0.00127013 26.456
1 214.758 0.000757355 214.759
4 52.2082 0.00093304 52.2091
32 12.9428 0.007127 12.9499
16 14.8587 0.00178994 14.8605
2 103.014 0.000669491 103.015
8 26.6783 0.0011935 26.6795
1 216.014 0.000640419 216.015
4 52.2877 0.000962488 52.2886
32 12.0166 0.00752449 12.0241
16 18.1668 0.00180357 18.1686
2 104.956 0.000689011 104.956
8 27.3904 0.00130775 27.3917
1 218.1 0.000680439 218.1
4 52.0101 0.000937794 52.0111
32 10.6747 0.00692125 10.6816
16 17.8694 0.00182969 17.8712
2 102.566 0.000649266 102.567
8 26.6348 0.00122221 26.6361
1 215.809 0.000627127 215.809
4 51.3831 0.00093051 51.384
2 101.624 0.000620918 101.625
1 216.603 0.000793438 216.604
1 210.783 0.000594507 210.784
64 7.229 0.0194509 7.24845
48 8.16516 0.0101964 8.17536
64 7.45969 0.0193215 7.47901
8 39.352 0.0013054 39.3533
48 8.59871 0.0110287 8.60973
48 7.50427 0.0101365 7.51441
4 60.4685 0.00099704 60.4695
48 8.32405 0.0101939 8.33425
16 21.0787 0.00193597 21.0806
48 8.30979 0.0102358 8.32003
16 19.8345 0.004103 19.8386
48 8.18435 0.0102697 8.19462
64 6.84193 0.0191159 6.86105
64 6.13178 0.0196519 6.15143
64 6.8715 0.0192151 6.89071
2 115.715 0.000788786 115.716
8 32.861 0.00137991 32.8623
64 6.54823 0.0179305 6.56616
64 6.94118 0.0184111 6.95959
48 8.86885 0.0103831 8.87923
64 7.03975 0.0179678 7.05772
48 7.46202 0.0104088 7.47243
64 7.01901 0.0180491 7.03706
48 8.07505 0.0100519 8.0851
4 63.7818 0.00204128 63.7838
64 6.19775 0.0182908 6.21604
48 8.67149 0.0105355 8.68203
32 11.6188 0.00717053 11.626
32 10.2144 0.00755381 10.222
2 109.065 0.000767291 109.065
32 11.7064 0.00722297 11.7136
16 16.4264 0.00447632 16.4309
8 26.6014 0.0013126 26.6028
1 223.913 0.000794567 223.913
4 51.4611 0.000904781 51.462
32 12.8039 0.00717983 12.8111
16 18.1227 0.00180667 18.1245
8 26.0224 0.00131062 26.0238
2 103.129 0.00064924 103.13
1 219.297 0.000629816 219.297
4 52.2037 0.000978358 52.2047
32 8.03889 0.00699208 8.04588
16 14.3768 0.00182009 14.3786
8 26.6923 0.00128095 26.6935
2 103.757 0.000656206 103.757
1 218.572 0.00075613 218.573
4 53.4305 0.00095344 53.4314
32 9.43051 0.00695353 9.43746
16 14.0037 0.00178236 14.0055
8 26.7968 0.00120551 26.798
2 103.402 0.000707567 103.402
1 215.316 0.000697387 215.317
4 52.108 0.000944883 52.109
32 10.4015 0.0069661 10.4085
16 13.8971 0.0018514 13.8989
2 102.498 0.000666277 102.499
8 28.7305 0.00131596 28.7318
1 216.643 0.000718564 216.644
4 51.4934 0.000925243 51.4943
32 8.4039 0.00698591 8.41089
16 14.3369 0.00180636 14.3387
2 101.832 0.000665279 101.833
8 27.6278 0.00131854 27.6291
1 215.354 0.000689089 215.355
4 52.3689 0.000983078 52.3698
32 10.5123 0.00712109 10.5194
16 14.1399 0.00198743 14.1419
2 102.428 0.000658184 102.428
8 27.0202 0.00132466 27.0216
1 215.658 0.000735275 215.659
4 51.9014 0.000926178 51.9023
32 9.02415 0.00725182 9.0314
16 14.2312 0.001766 14.233
2 100.83 0.00067066 100.83
8 27.5573 0.00131321 27.5586
1 212.379 0.000623329 212.38
4 51.3582 0.0009304 51.3591
2 104.797 0.000643833 104.798
1 213.85 0.000699479 213.85
1 212.856 0.000591639 212.856
