
64 50.763 0.0161309 50.7792
48 58.6838 0.0152186 58.699
64 49.1129 0.0167235 49.1297
48 61.0342 0.0149823 61.0491
64 53.2037 0.0167993 53.2205
48 58.2968 0.014909 58.3117
8 375.801 0.00229832 375.803
64 47.9102 0.0213635 47.9315
48 73.6588 0.0157613 73.6746
64 46.409 0.0160601 46.425
48 76.6544 0.015839 76.6702
4 628.915 0.00189512 628.917
64 47.5749 0.0160513 47.5909
48 71.4225 0.0157213 71.4382
64 49.1705 0.0163675 49.1868
48 71.971 0.0158658 71.9869
64 49.3577 0.0161762 49.3738
48 73.1468 0.0159671 73.1627
8 360.665 0.00223295 360.667
64 48.3961 0.0158056 48.4119
48 77.2045 0.0159074 77.2204
64 49.0141 0.0164007 49.0305
2 1212.51 0.00196667 1212.51
48 80.0657 0.0156558 80.0814
32 87.7326 0.00939859 87.742
16 147.544 0.00283705 147.547
32 101.616 0.00912609 101.625
16 135.02 0.00260494 135.023
4 586.412 0.0017367 586.414
32 82.3738 0.00868181 82.3825
16 148.743 0.00282841 148.746
8 246.194 0.00193888 246.196
2 1080.27 0.00160871 1080.27
4 506.579 0.0016563 506.581
1 2342.43 0.00262853 2342.44
32 100.278 0.0108248 100.289
16 145.466 0.0026933 145.469
8 254.857 0.00207424 254.859
2 1089.28 0.00161184 1089.28
4 503.962 0.00165178 503.964
1 2284.3 0.00212347 2284.3
32 97.4084 0.0109447 97.4193
16 193.828 0.00294723 193.831
8 249.075 0.00213732 249.077
2 1099.66 0.00166 1099.67
1 2274.69 0.00207925 2274.69
4 514.408 0.00168667 514.41
32 98.5966 0.0110836 98.6077
16 156.947 0.0029872 156.95
8 260.377 0.00207811 260.379
2 1087.64 0.00158833 1087.64
4 501.273 0.0016032 501.274
1 2266.03 0.00219354 2266.03
32 83.6798 0.00858625 83.6884
16 197.501 0.00307388 197.504
8 249.837 0.00210448 249.839
2 1088.77 0.00170919 1088.77
4 509.057 0.00166173 509.058
1 2279.92 0.00223943 2279.92
32 104.572 0.0109031 104.582
16 159.911 0.00285328 159.914
8 257.055 0.00195096 257.057
2 1069.6 0.00170137 1069.6
1 2209.77 0.0022173 2209.77
4 508.743 0.00165825 508.744
32 100.542 0.01128 100.554
16 135.053 0.0028817 135.056
8 254.536 0.00207826 254.538
2 1071.38 0.00168957 1071.38
4 507.149 0.00165958 507.15
1 2252.11 0.00242126 2252.11
32 82.8213 0.00855384 82.8299
16 158.133 0.00282582 158.136
8 249.571 0.00205885 249.573
2 1084.06 0.00174374 1084.06
1 2177.84 0.00228003 2177.84
4 510.107 0.00169574 510.108
2 1075.27 0.00163388 1075.27
1 2216.64 0.00214304 2216.64
1 2277.84 0.00233676 2277.84
64 49.3135 0.0163212 49.3298
48 64.3391 0.0155815 64.3547
16 148.778 0.00271367 148.78
48 63.3032 0.0150708 63.3183
64 52.7214 0.0189321 52.7403
64 51.8517 0.0164062 51.8681
8 300.112 0.00218462 300.115
48 63.2798 0.0149181 63.2948
64 60.3508 0.0181752 60.369
48 76.1179 0.0159042 76.1338
64 47.5615 0.017929 47.5794
48 75.5223 0.0147507 75.537
4 588.458 0.00212003 588.46
64 47.0547 0.0186346 47.0733
48 84.062 0.0154316 84.0774
64 48.4429 0.0165847 48.4595
48 77.0123 0.0168082 77.0292
64 46.8319 0.0183206 46.8502
8 337.415 0.00384629 337.419
48 62.7187 0.0150488 62.7338
48 75.5143 0.0160839 75.5303
16 150.804 0.00285251 150.807
48 73.9485 0.0153603 73.9638
64 47.4225 0.0156954 47.4382
64 58.8355 0.0184221 58.8539
2 1152.69 0.00174404 1152.69
32 80.1881 0.00863298 80.1968
32 86.7938 0.0100591 86.8039
4 548.008 0.0016175 548.01
32 78.7187 0.00855635 78.7272
16 138.77 0.00270059 138.773
8 251.6 0.00204132 251.602
2 1070.54 0.00175558 1070.54
1 2301.26 0.00207097 2301.26
4 501.89 0.00159214 501.891
32 103.097 0.0107827 103.108
16 137.609 0.00267116 137.611
8 245.779 0.00194993 245.78
2 1065.63 0.00160745 1065.63
1 2192.15 0.0024521 2192.15
4 506.361 0.00161163 506.363
32 98.7754 0.0111024 98.7865
16 137.89 0.0028386 137.893
8 252.817 0.00210067 252.819
2 1064.99 0.00156125 1064.99
4 504.081 0.0016375 504.082
1 2255.6 0.0024561 2255.61
32 78.9788 0.00871021 78.9875
16 140.198 0.00272501 140.2
8 249.308 0.00207069 249.31
2 1075.29 0.00162009 1075.3
1 2288.19 0.00222558 2288.19
4 502.915 0.0016304 502.917
32 96.6442 0.0110145 96.6553
16 141.812 0.00278892 141.814
8 252.882 0.00208315 252.884
2 1082.03 0.00160203 1082.03
4 499.655 0.00158236 499.657
1 2279.73 0.00215152 2279.73
32 97.5285 0.0108815 97.5394
16 157.979 0.00296575 157.982
8 245.524 0.00207762 245.526
2 1066.43 0.00171087 1066.43
4 510.127 0.0015668 510.129
1 2253.25 0.00247341 2253.25
32 98.0495 0.0111323 98.0607
16 158.57 0.00281816 158.572
8 252.99 0.00208583 252.992
2 1062.3 0.00154866 1062.3
1 2260.52 0.00209287 2260.52
4 510.033 0.00160399 510.034
32 99.5181 0.0113215 99.5295
16 135.064 0.00271818 135.067
8 254.177 0.00208191 254.179
2 1078.29 0.00183262 1078.29
4 502.036 0.00170658 502.038
1 2227.5 0.0025663 2227.5
2 1072.41 0.00163411 1072.41
1 2253.22 0.00226531 2253.23
1 2221.35 0.00219592 2221.35
