64 29.7333 0.0207976 29.7541
48 39.8462 0.0153964 39.8616
32 46.9405 0.00794544 46.9485
8 155.991 0.00184575 155.993
16 95.2234 0.00276856 95.2261
64 27.7703 0.0205522 27.7909
48 35.4788 0.0146654 35.4934
4 300.979 0.00140964 300.98
32 55.5874 0.00851521 55.5959
16 79.8682 0.00455069 79.8727
8 141.567 0.00189183 141.569
4 267.247 0.00138521 267.249
2 568.413 0.0012018 568.414
64 29.596 0.0205213 29.6165
48 35.4636 0.0144306 35.478
32 52.5329 0.00819889 52.5411
16 70.3434 0.00242165 70.3458
8 132.273 0.00179828 132.275
2 563.247 0.00139942 563.248
4 253.132 0.00130759 253.133
1 1187.56 0.00162322 1187.56
2 548.133 0.00136871 548.134
64 29.9591 0.0200574 29.9792
48 35.8766 0.014301 35.8909
32 52.4715 0.00833646 52.4798
16 70.3047 0.00242247 70.3072
1 1173.42 0.00170757 1173.42
8 136.641 0.00181366 136.643
4 252.683 0.00129127 252.685
1 1167.63 0.00170449 1167.63
1 1161.89 0.00157479 1161.89
64 31.9942 0.020691 32.0149
48 42.481 0.0145924 42.4956
32 54.7869 0.00804292 54.7949
16 84.4514 0.00261452 84.454
2 554.779 0.00137894 554.78
8 127.746 0.00166477 127.748
1 1143.94 0.00186257 1143.94
64 32.644 0.0213591 32.6654
4 264.667 0.00141556 264.669
48 40.2263 0.0137731 40.2401
32 52.8961 0.0110912 52.9072
16 98.7522 0.00505524 98.7572
8 142.634 0.00188926 142.636
4 267.596 0.00140301 267.598
2 554.786 0.00137493 554.787
64 31.7163 0.0208192 31.7371
48 37.4481 0.0143515 37.4624
32 55.7263 0.00818863 55.7345
8 144.149 0.00184156 144.151
16 76.479 0.0027561 76.4818
1 1159.06 0.00159717 1159.06
4 254.392 0.00138053 254.393
2 568.995 0.00128902 568.997
64 29.6069 0.0203187 29.6272
48 37.8318 0.0148766 37.8467
32 55.9288 0.0107065 55.9395
8 171.094 0.00323051 171.097
16 71.2543 0.00251326 71.2569
2 556.772 0.00126745 556.774
4 257.046 0.0013264 257.047
64 32.7494 0.0202904 32.7697
48 36.3111 0.0144812 36.3256
32 58.4059 0.00826371 58.4141
16 72.2398 0.00254899 72.2424
2 553.856 0.00138227 553.858
8 131.395 0.00179528 131.397
1 1182.9 0.00149794 1182.9
4 257.806 0.00136069 257.807
64 31.8369 0.0205416 31.8575
48 38.7442 0.0145058 38.7587
32 51.3672 0.00860937 51.3758
16 83.9643 0.00285348 83.9671
2 553.033 0.00125519 553.034
8 131.743 0.00179318 131.745
1 1180.55 0.0016962 1180.55
4 257.751 0.00135718 257.752
2 541.974 0.00124944 541.975
1 1168.2 0.00150316 1168.2
1 1173.21 0.00169649 1173.21
48 34.1698 0.0146543 34.1844
64 31.9042 0.0192865 31.9235
48 38.9822 0.0144946 38.9967
64 32.296 0.0217889 32.3178
48 40.5891 0.0147881 40.6038
64 31.4617 0.0215675 31.4833
48 32.8803 0.0141009 32.8944
64 30.0816 0.0212423 30.1029
4 297.623 0.00147742 297.624
48 41.5987 0.0147841 41.6135
48 102.045 0.016673 102.062
48 51.6736 0.014196 51.6878
8 215.509 0.00389827 215.513
64 29.0136 0.0200237 29.0336
64 33.6777 0.0208074 33.6985
64 31.14 0.020808 31.1608
2 612.133 0.00142235 612.135
48 39.8384 0.0149192 39.8533
48 37.6087 0.0160862 37.6248
16 89.1406 0.00584164 89.1464
48 35.1677 0.0145005 35.1822
64 30.1626 0.0209391 30.1836
64 29.4423 0.0212883 29.4636
64 30.2152 0.0210309 30.2362
32 136.745 0.00814932 136.753
1 1208.17 0.00166916 1208.18
4 256.871 0.00133661 256.872
2 560.238 0.00144964 560.24
16 71.7227 0.00252164 71.7252
8 152.574 0.00181322 152.576
32 53.1108 0.00813607 53.1189
1 1162.76 0.00165105 1162.76
4 291.981 0.00137063 291.983
8 129.264 0.00178085 129.265
16 84.5884 0.0026135 84.591
2 547.091 0.00128513 547.093
32 46.2164 0.00809412 46.2245
4 320.832 0.0013721 320.833
1 1151.12 0.00178689 1151.12
16 88.7837 0.00256352 88.7863
8 198.594 0.00177033 198.595
2 561.17 0.0019015 561.172
32 58.1149 0.00875307 58.1237
4 259.694 0.00133569 259.696
1 1159.27 0.00172043 1159.27
8 129.383 0.0018296 129.385
16 85.9196 0.00267103 85.9222
32 58.1742 0.00832024 58.1826
2 560.145 0.00161511 560.147
4 272.587 0.00139497 272.588
8 136.744 0.00174218 136.746
2 550.027 0.001306 550.029
16 88.1153 0.00260241 88.1179
32 43.8056 0.00809859 43.8137
1 1146.77 0.00172214 1146.77
1 1140.57 0.00163006 1140.57
2 543.6 0.00134232 543.602
4 255.035 0.00133962 255.036
8 147.593 0.00186921 147.595
16 71.732 0.00252385 71.7345
32 51.8138 0.00817659 51.822
1 1142.89 0.00155848 1142.89
1 1141.96 0.00164195 1141.96
4 258.928 0.00133878 258.93
8 132.006 0.00179365 132.008
2 544.45 0.00124979 544.451
1 1149.54 0.00150485 1149.54
32 44.9177 0.00827408 44.926
16 86.0759 0.00262764 86.0785
8 138.429 0.00183582 138.431
16 71.7172 0.00253874 71.7197
4 267.274 0.00135855 267.275
32 55.9905 0.00823166 55.9987
2 551.759 0.00120832 551.76
4 260.04 0.0013556 260.041
1 1163.15 0.00160472 1163.15
16 84.3624 0.00501501 84.3675
32 52.4717 0.00815166 52.4798
8 147.934 0.00177892 147.936
2 552.063 0.00123733 552.064
