64 88.6355 0.0228788 88.6584
48 97.8834 0.0155835 97.899
64 86.4256 0.0249471 86.4506
48 99.5607 0.0157554 99.5764
64 87.037 0.0229013 87.0599
8 516.288 0.00263374 516.29
48 99.4241 0.0159364 99.44
48 106.813 0.0152231 106.828
48 97.901 0.0158053 97.9168
16 272.767 0.00608787 272.773
48 92.0473 0.0153301 92.0626
64 97.2652 0.0215115 97.2867
4 996.373 0.00203102 996.375
64 76.5072 0.0223192 76.5295
64 80.1821 0.0231241 80.2052
64 75.6366 0.0222575 75.6588
48 111.215 0.0161245 111.231
64 77.5309 0.0222143 77.5531
48 109.908 0.0157451 109.924
8 536.254 0.00265169 536.257
64 77.4493 0.0223389 77.4716
48 122.08 0.0149878 122.095
64 74.2466 0.021976 74.2685
48 119.514 0.0145164 119.528
2 1957.33 0.0023261 1957.33
64 77.6812 0.0220494 77.7032
48 120.895 0.0148065 120.91
64 93.2231 0.0225666 93.2457
48 96.2978 0.0155548 96.3134
64 93.3913 0.0216551 93.4129
4 965.508 0.00204318 965.51
48 98.1394 0.016078 98.1554
48 117.289 0.015831 117.305
48 95.6348 0.0161229 95.6509
16 257.836 0.00570293 257.842
48 101.765 0.0148335 101.78
64 100.286 0.0220459 100.308
64 77.5501 0.0225321 77.5726
64 100.291 0.0231925 100.314
64 74.1663 0.022394 74.1887
48 134.573 0.0151828 134.588
64 77.3132 0.0223608 77.3355
48 134.652 0.0154558 134.668
64 74.1611 0.0223695 74.1834
48 136.405 0.0150057 136.42
64 74.5523 0.0236685 74.5759
2 1940.37 0.00238593 1940.37
48 107.755 0.0152988 107.77
32 139.462 0.0100636 139.472
16 240.562 0.00333552 240.565
32 159.782 0.00957253 159.792
32 143.217 0.00975792 143.227
8 426.201 0.00252588 426.203
1 3993.83 0.00311815 3993.83
4 865.446 0.00185326 865.448
32 155.235 0.00950604 155.245
16 223.726 0.00316707 223.729
8 403.579 0.00233005 403.581
2 1759.86 0.00195065 1759.86
1 3788.05 0.00324976 3788.05
4 844.424 0.00185999 844.426
32 158.219 0.00939157 158.228
16 222.225 0.00329321 222.229
8 414.15 0.00241954 414.152
2 1729.49 0.0020336 1729.49
1 3623.29 0.00272481 3623.29
4 841.969 0.00185178 841.971
32 154.531 0.00934266 154.54
16 219.983 0.00325698 219.986
8 408.788 0.00229786 408.79
2 1756.32 0.00208188 1756.33
4 844.614 0.00186038 844.616
1 3680.36 0.00296402 3680.37
32 133.213 0.00912136 133.222
16 242.798 0.00331806 242.802
8 405.722 0.00242739 405.724
2 1784.27 0.00195937 1784.27
4 843.592 0.00192103 843.594
1 3710.38 0.00280324 3710.38
32 156.992 0.00963641 157.002
16 255.14 0.00328557 255.143
8 416.465 0.00249202 416.468
2 1756.69 0.0020369 1756.7
1 3726.8 0.00279202 3726.8
4 841.296 0.00190357 841.298
32 155.75 0.00939996 155.76
16 217.913 0.0032081 217.916
8 412.813 0.00250388 412.816
2 1743.8 0.00197472 1743.81
4 840.195 0.00186279 840.197
1 3733.22 0.00294133 3733.23
32 125.354 0.00915552 125.363
16 250.605 0.00330545 250.608
8 411.461 0.00239483 411.464
2 1755.07 0.00219904 1755.07
4 835.662 0.00181053 835.664
1 3672.48 0.00323083 3672.49
32 153.964 0.00966424 153.974
16 232.421 0.00321236 232.424
8 405.827 0.00231949 405.83
2 1755.82 0.00200287 1755.82
1 3644.11 0.00296451 3644.11
4 842.739 0.00194201 842.741
32 154.891 0.00947779 154.901
16 225.458 0.0036923 225.461
8 415.72 0.00251124 415.723
2 1735.99 0.00191061 1735.99
4 844.538 0.00189324 844.539
1 3665.64 0.00293988 3665.64
32 128.337 0.00892586 128.346
16 235.04 0.00330783 235.043
8 406.654 0.00240283 406.657
2 1783.95 0.00193477 1783.95
4 834.423 0.00186843 834.424
1 3759.11 0.00278591 3759.11
32 153.358 0.00963007 153.368
16 255.724 0.00328802 255.728
8 418.207 0.0024851 418.21
2 1748.15 0.00202684 1748.15
1 3614.79 0.00280767 3614.8
4 832.843 0.00183506 832.845
32 152.566 0.00925821 152.575
16 217.5 0.00317939 217.503
8 414.645 0.00245455 414.647
2 1776.5 0.00193046 1776.51
4 839.175 0.00186511 839.177
1 3722.35 0.00285171 3722.36
32 128.732 0.0088411 128.741
16 256.323 0.00389526 256.326
8 402.58 0.00229846 402.582
2 1750.47 0.00217075 1750.47
4 840.639 0.00190067 840.641
1 3678.53 0.00279486 3678.53
32 155.472 0.00939213 155.482
16 219.163 0.00326561 219.166
8 419.135 0.00270261 419.138
2 1745.71 0.0020744 1745.71
4 846.112 0.00185367 846.114
1 3708.86 0.00293053 3708.86
32 136.605 0.00896771 136.614
16 242.994 0.00324829 242.997
8 409.027 0.00239172 409.029
2 1768.08 0.00196413 1768.08
4 840.531 0.00183343 840.533
1 3667.62 0.0029134 3667.62
32 136.333 0.0089866 136.342
16 258.006 0.00360274 258.009
8 400.364 0.00230315 400.367
2 1754.77 0.00223573 1754.77
4 849.417 0.00188392 849.419
1 3606.65 0.00295967 3606.65
32 122.692 0.00919563 122.701
16 259.632 0.00339412 259.635
8 409.296 0.00240341 409.299
2 1735.44 0.00213733 1735.44
4 861.431 0.00180604 861.433
1 3625.89 0.0032359 3625.89
2 1745.26 0.00200803 1745.26
1 3581.04 0.00305255 3581.04
1 3646 0.00278583 3646
