
8 530.02 0.0027218 530.022
4 1046.83 0.0019913 1046.83
4 953.354 0.00200142 953.356
2 1990.01 0.00243085 1990.01
8 509.112 0.00425388 509.116
8 508.975 0.00408621 508.979
64 79.4512 0.0222429 79.4735
48 122.214 0.0155051 122.229
32 131.732 0.00895564 131.741
2 1971.96 0.00219863 1971.96
16 218.151 0.00304445 218.154
48 109.509 0.0167484 109.526
32 150.75 0.0124837 150.762
16 284.84 0.00574712 284.846
48 108.25 0.0170253 108.267
32 167.054 0.00937591 167.063
16 241.8 0.00542223 241.805
64 89.0141 0.0226524 89.0367
64 81.5288 0.0225128 81.5513
4 882.713 0.00186783 882.715
64 80.1413 0.0224472 80.1637
48 111.695 0.0155632 111.71
32 156.956 0.00925463 156.965
16 225.1 0.0032061 225.103
8 404.82 0.00233641 404.823
2 1814.05 0.00224045 1814.05
4 854.035 0.00188952 854.037
64 97.1287 0.0215734 97.1503
48 113.535 0.0161981 113.551
32 171.987 0.00958097 171.996
16 219.382 0.00339822 219.386
8 425.85 0.00248421 425.852
2 1787.76 0.00215509 1787.77
4 849.659 0.00185785 849.661
64 89.8963 0.0222082 89.9185
48 102.645 0.0160648 102.661
32 153.967 0.00949954 153.976
16 219.299 0.0032176 219.302
8 406.747 0.00229843 406.749
2 1795.83 0.00207498 1795.83
4 868.253 0.00196044 868.255
64 93.9922 0.0227215 94.015
48 121.979 0.0159985 121.995
32 158.788 0.00960007 158.798
16 302.421 0.00339308 302.424
2 1834.55 0.00203485 1834.55
8 409.568 0.00242895 409.57
4 837.149 0.00196616 837.151
64 86.493 0.022683 86.5157
48 113.578 0.0160023 113.594
32 152.38 0.00935654 152.39
16 247.669 0.00318358 247.672
8 414.052 0.00243652 414.055
2 1798.6 0.00209859 1798.6
4 846.188 0.00186766 846.19
64 85.9889 0.0225628 86.0115
48 105.001 0.0158108 105.016
32 164.658 0.00934836 164.667
16 258.353 0.00337119 258.356
2 1767.26 0.00194396 1767.26
8 405.857 0.00239888 405.86
4 851.741 0.00190036 851.743
64 90.1395 0.0225525 90.1621
48 108.162 0.0158239 108.178
32 163.076 0.00926246 163.085
16 226.527 0.00328892 226.53
2 1772.97 0.00193049 1772.98
8 415.199 0.00238887 415.202
4 844.243 0.00182647 844.244
64 80.2849 0.0221084 80.307
48 112.325 0.0151413 112.341
32 153.137 0.0112215 153.148
16 217.241 0.00337895 217.245
8 410.023 0.00241195 410.026
2 1795.07 0.00227811 1795.07
4 833.546 0.00176176 833.548
64 96.5207 0.022024 96.5428
48 119.598 0.0159092 119.614
32 155.124 0.00941678 155.134
16 218.7 0.00305306 218.703
2 1777.51 0.00208884 1777.51
8 413.413 0.00241451 413.416
4 846.507 0.0019472 846.509
64 96.1188 0.0216507 96.1404
48 127.537 0.0159357 127.553
32 169.686 0.00934902 169.696
16 243.681 0.00317639 243.684
2 1810.32 0.00216792 1810.32
8 409.1 0.0024312 409.102
4 844.201 0.00194198 844.203
64 94.5338 0.0223729 94.5562
48 123.924 0.0161619 123.941
32 153.758 0.00930268 153.767
16 245.548 0.00317112 245.552
2 1775.47 0.00199474 1775.47
8 420.392 0.00246623 420.394
4 844.616 0.00191533 844.618
64 92.2703 0.0222988 92.2926
48 108.592 0.0192771 108.611
32 162.143 0.00943117 162.152
16 222.616 0.00327595 222.619
2 1753.8 0.00198092 1753.81
8 420.524 0.00252168 420.527
4 843.824 0.0018643 843.826
64 89.2794 0.0221465 89.3016
48 110.865 0.0158148 110.881
32 154.788 0.00975595 154.798
16 223.535 0.00322205 223.538
8 410.102 0.0023085 410.104
2 1767.16 0.00202776 1767.16
4 837.442 0.00184813 837.443
64 87.822 0.0224037 87.8444
48 104.675 0.0158841 104.691
32 155.708 0.00942494 155.717
16 219.252 0.00328769 219.256
2 1787.43 0.00200824 1787.43
8 422.344 0.00244683 422.346
4 839.755 0.0018587 839.757
64 88.3541 0.0226738 88.3768
48 110.817 0.0155626 110.832
32 166.736 0.00932692 166.745
16 220.478 0.00320645 220.481
2 1755.23 0.00216307 1755.23
8 450.454 0.00251946 450.457
4 840.624 0.00187468 840.625
64 84.3364 0.0224013 84.3588
48 118.335 0.0157403 118.35
32 129.923 0.00939387 129.933
16 305.147 0.00378617 305.151
8 414.23 0.00240699 414.233
2 1831.61 0.00205354 1831.61
4 860.303 0.00187259 860.305
64 100.345 0.0228601 100.368
48 117.4 0.0171587 117.417
32 133.106 0.00906506 133.115
16 248.319 0.00345398 248.322
2 1805.19 0.00209006 1805.19
8 410.584 0.00238093 410.586
4 845.158 0.0019233 845.16
2 1772.27 0.00210762 1772.27
